!!!!!!!!!!!!!!!!!!!!!!!!!!!!!!!!!!!! 
!! LEBT for 14.5GHz ECR with Ar8+ !!       
!!!!!!!!!!!!!!!!!!!!!!!!!!!!!!!!!!!! 

              
2    scrch    

0    drift    19.44             5.      5.              
0    quad     0.0               14.4    14.4       4.2               100     
0    drift    9.05              5.      5.         
               
0    bmag     102.831853        40.     -90.       9.0               18.     25.4495 25.4495 0.0     0.0     100     
0    drift    15.5              6.      6. 
!0   stM      1   
0    drift    36.9              6.      6.               
!0   diagn    WS                1           
0    drift    23.1              6.      6.         
       
0    equad    -8149.25          10.     10.        6.0               0       
0    drift    10.0              6.      6.         
0    equad    14201.69          10.     10.        6.0               0       
0    drift    10.0              6.      6.         
0    equad    -7506.06          10.     10.        6.0               0       
        
0    drift    19.655            6.      6.         
!0   stM      2                   
0    drift    109.945           6.      6.         
!0   diagn    Allison                
0    drift    35.6              6.      6.         
 
0    equad    6905.82           10.     10.        6.0               0       
0    drift    10.0              6.      6.         
0    equad    -5024.29          10.     10.        6.0               0       
0    drift    10.0              6.      6.         
0    equad    -3067.63          10.     10.        6.0               0       

0    drift    18.26             6.      6.         
!0   stM      3
0    drift    3.54              6.      6          
0    bmag     154.10176         65.     -90.       13.4              18.     0.      0.      0.0     0.0     200     
0    drift    4.145             6.      6.         
!0   stM      4
0    drift    22.855            6.      6.          

0    equad    -8366.68          10.     10.        6.0               0       
0    drift    10.0              6.      6.         
0    equad    16039.08          10.     10.        6.0               0       
0    drift    10.0              6.      6.         
0    equad    -9579.69          10.     10.        6.0               0       

0    drift    24.7              6.      6.         
!0   diagn    WS                2       
0    drift    105.3             6.      6.               
        
0    equad    11452.67104       10.     10.        6.0               0       
0    drift    8.0               6.      6.         
0    equad    -11905.17808      10.     10.        6.0               0       
        
0    drift    18.955            6.      6.         
!0   stM      5
0    drift    82.445            6.      6.                         
!0   diagn    WS                3         
0    drift    24.6              6.      6.         
  
0    equad    -1200.79773       10.     10.        6.0               0       
0    drift    8.0               6.      6.         
0    equad    1300.45883        10.     10.        6.0               0       

0    drift    25.4              6.      6.         
!0   diagn    WS                4            
0    drift    24.6              6.      6.         
    
0    equad    -4086.62666       10.     10.        6.0               0       
0    drift    8.0               6.      6.         
0    equad    6682.25124        10.     10.        6.0               0       

0    drift    25.0              6.      6.         
   
0    equad    -15798.80806      10.     10.        6.0               0       
0    drift    8.0               6.      6.         
0    equad    17848.93706       10.     10.        6.0               0       

    
0    drift    24.665            6.      6.         
0    quad     -978.29543        7.67    7.67       3.0               100     
0    drift    13.665            6.      6.         
    
0    stop